896x504, reduce 8, 1 marker
16
14
11
15
11
16
12
13
11
13
13
14
12
13
11
11
8
13
10
11
9
15
12
11
12
14
11
11
8
14
10
11
10
16
8
10
14
17
15
16
13
15
11
14
11
14
17
16
12
15
14
18
14
17
15
17
14
15
16
18
15
18
16
18
16
16
13
17
15
18
13
18
13
17
18
17
14
15
15
18
12
15
14
15
13
19
17
17
16
17
17
16
16
19
17
20
19
20
16
17
18
21
19
21
19
23
23
22
19
20
20
22
19
20
18
24
21
18
19
17
21
17
22
20
19
17
19
18
18
17
20
15
17
16
18
17
19
18
19
18
15
17
15
16
19
17
21
16
18
15
17
14
20
16
16
15
17
15
12
12
13
11
17
15
18
15
16
15
20
19
19
15
17
16
16
14
19
13
18
16
19
16
16
15
19
24
22
21
17
18
13
12
12
13
8
15
10
17
10
10
9
15
13
19
19
20
18
18
19
21
19
19
21
20
16
20
18
21
28
18
20
20
19
20
20
20
19
21
21
19
23
24
18
16
18
18
19
17
14
13
14
16
14
18
14
18
11
20
14
22
12
14
11
11
13
13
9
10
11
12
10
13
10
12
10
12
9
13
10
13
11
13
10
11
10
11
9
12
10
14
12
18
14
16
14
17
14
16
12
19
13
16
9
12
11
15
15
19
14
18
11
12
16
20
13
15
13
18
15
17
14
18
14
17
12
16
16
14
13
16
11
12
9
12
8
11
8
11
9
12
9
12
10
12
7
10
11
11
10
13
10
12
10
11
9
10
9
15
11
13
9
13
10
14
11
14
12
12
8
13
10
14
13
14
9
12
10
13
9
12
11
13
12
12
12
11
9
15
10
12
9
13
11
14
10
13
10
13
10
10
9
18
16
16
14
18
13
17
15
17
16
15
15
17
13
16
16
14
13
19
18
16
15
18
18
18
20
19
18
16
18
19
16
18
19
27
24
17
18
20
21
16
19
19
18
18
20
17
21
22
20
22
20
18
19
17
16
14
17
18
23
19
18
15
19
19
17
19
18
17
23
18
22
16
16
18
15
15
14
11
19
15
18
17
20
16
16
19
18
17
13
15
18
14
19
14
19
15
14
15
13
16
17
15
20
17
17
16
20
16
18
15
19
15
14
14
16
12
13
9
15
16
14
14
17
12
17
16
14
14
14
15
19
14
16
14
20
15
15
14
18
14
15
19
19
15
17
17
18
18
21
17
19
17
20
19
16
15
16
14
17
16
20
21
17
20
16
17
13
19
17
17
13
19
17
16
15
17
15
18
18
18
16
19
15
19
17
18
13
18
15
15
14
15
15
15
14
13
12
15
15
17
13
12
15
16
12
14
15
16
15
15
12
17
14
17
12
16
12
15
13
17
11
16
13
19
13
18
15
17
11
14
11
14
11
12
11
11
10
14
9
9
8
14
12
15
9
11
8
11
9
12
8
12
8
12
8
11
7
13
8
14
10
19
15
22
18
21
19
22
20
19
20
23
17
18
23
21
20
22
27
23
21
23
21
23
24
22
23
19
19
15
21
20
23
20
22
25
24
25
27
23
20
19
26
24
28
26
24
25
16
17
16
18
18
25
23
20
22
20
23
24
22
18
19
20
24
22
17
24
22
22
27
23
23
24
24
22
25
20
23
20
21
22
27
26
20
23
23
22
23
28
24
25
22
22
21
24
25
21
21
19
24
19
25
22
22
21
33
25
22
24
22
23
25
23
22
23
19
22
19
24
31
22
24
19
25
24
20
27
25
22
24
25
22
25
22
21
22
21
22
22
21
21
23
29
23
27
24
29
31
28
23
28
18
26
29
24
21
27
23
19
23
21
22
22
27
23
20
27
23
23
23
23
23
24
20
14
15
15
18
30
16
18
13
18
16
14
16
14
13
18
14
17
13
15
13
19
26
14
19
15
19
20
15
12
15
15
17
12
16
12
10
8
15
9
14
11
18
13
16
13
14
12
13
12
15
15
19
13
21
14
16
18
17
13
18
14
15
8
10
9
11
11
13
11