896x504, reduce 1, 1 marker
38
42
48
44
46
41
46
44
47
41
44
42
44
39
43
45
44
46
43
42
39
34
34
34
36
35
34
37
37
39
36
48
50
41
50
43
50
47
51
51
51
52
54
49
51
43
56
61
56
58
53
56
49
49
44
50
42
40
39
38
39
43
50
48
55
44
55
53
48
44
56
46
52
46
49
45
44
43
49
54
52
48
56
56
57
53
58
57
57
50
51
47
49
41
42
39
41
41
41
43
42
50
48
54
44
45
40
37
47
36
39
45
32
29
29
27
27
30
27
27
31
28
29
29
29
28
32
35
33
42
34
42
33
39
30
37
38
46
38
37
44
46
53
52
54
53
48
51
53
54
49
57
56
51
52
50
58
55
53
52
49
51
53
54
53
55
52
53
52
51
50
45
39
44
51
43
43
44
41
48
52
49
49
42
44
44
43
47
45
43
44
49
47
47
49
45
39
37
47
46
43
50
52
51
52
51
51
57
45
56
50
67
53
51
58
54
58
54
57
57
56
47
52
52
60
53
51
60
58
54
46
48
44
50
57
52
48
44
47
49
49
51
55
53
46
33
38
30
32
31
33
36
41
45
35
33
37
30
31
32
36
32
34
35
32
36
33
32
41
36
35
35
38
39
42
41
39
40
49
38
43
49
41
37
46
36
34
36
39
36
36
38
39
44
39
40
44
41
40
43
46
37
36
36
37
38
38
41
37
48
41
48
40
41
44
40
46
45
42
47
44
43
41
47
42
42
40
50
49
47
42
44
44
52
46
48
44
50
44
48
44
48
46
45
41
39
41
34
36
38
35
39
39
37
31
32
30
37
31
33
28
29
30
29
28
23
26
27
26
28
28
26
27
27
30
30
31
31
32
30
31
33
33
33
34
37
33
38
31
29
30
29
30
32
35
39
47
57
47
50
43
47
41
48
36
36
36
37
38
36
40
50
38
40
45
45
45
40
45
47
45
48
43
50
42
47
44
51
41
47
44
47
45
51
46
49
49
45
44