896x504, reduce 4, 0 markers
19
15
16
13
15
13
12
13
12
14
14
13
12
16
17
15
18
13
15
13
12
15
19
15
15
13
16
12
14
13
15
12
13
11
12
12
11
12
12
11
13
12
13
11
15
15
17
15
21
17
19
21
22
19
21
18
23
19
22
19
18
15
17
14
16
14
16
14
19
14
18
14
19
13
23
15
14
18
14
18
15
17
14
17
14
17
15
18
16
19
13
15
13
17
14
16
15
15
14
16
15
16
13
18
14
16
13
17
15
19
15
15
14
16
11
13
12
14
13
16
12
13
17
16
17
19
14
20
14
18
14
17
13
15
11
12
13
12
12
17
13
17
12
13
13
13
12
13
11
14
13
19
14
16
16
16
15
16
14
16
16
18
15
19
15
16
12
13
11
11
11
11
10
10
9
11
11
12
10
9
11
13
10
12
10
11
11
14
11
12
12
13
11
10
12
16
14
10
13
11
10
11
12
11
11
12
11
11
10
11
11
18
11
12
14
13
12
12
12
12
11
10
10
12
11
12
12
12
10
11
10
11
10
10
10
12
11
10
10
11
18
12
13
13
11
14
12
15
11
12
13
11
11
11
11
10
10
13
11
13
11
11
10
10
10
13
10
10
10
10
9
11
10
11
9
12
13
10
10
10
10
11
10
11
11
17
10
12
12
11
10
11
10
11
11
14
13
13
13
13
14
16
15
20
16
19
15
18
15
16
15
16
14
17
16
18
12
14
12
12
11
18
14
17
16
16
13
18
14
22
15
13
16
16
15
16
15
12
18
13
15
17
18
13
19
13
16
13
17
14
15
16
14
13
19
13
15
14
15
14
15
14
16
16
16
16
20
15
15
14
17
18
18
17
21
14
18
14
19
14
18
19
16
15
21
14
15
13
15
12
14
12
14
14
17
14
13
14
17
15
19
16
21
14
17
16
18
19
17
14
18
13
15
13
14
14
15
13
14
13
12
15
13
13
16
13
18
13
16
14
19
17
19
14
19
12
23
14
17
18
18
14
18
13
15
16
16
13
12
15
14
17
14
17
14
16
14
16
14
15
14
16
15
19
13
20
14
18
13
16
17
14
14
15
16
17
14
15
14
17
17
16
14
15
13
15
15
14
15
19
14
15
14
16
13
16
13
18
13
17
14
16
14
19
15
13
19
17
13
12
12
17
13
15
14
19
14
16
15
16
14
15
14
16
14
15
13
18
15
21
14
16
12
17
14
16
13
19
13
17
16
16
18
17
14
16
15
15
15
18
18
17
15
15
16
17
15
17
15
18
14
19
15
22
13
20
16
17
14
15
16
17
15
19
16
19
16
24
19
18
17
18
18
16
19
16
19
15
21
18
19
16
20
15
17
15
19
14
16
10
13
10
14
18
20
14
17
14
19
14
18
15
18
14
14
13
13
14
14
13
15
12
16
15
15
16
15
12
19
16
17
14
16
13
15
12
15
13
17
13
20
20
19
20
18
15
19
21
18
17
18
17
19
15
20
20
18
16
17
14
16
15
16
16
18
15
17
21
16
17
16
21
15
19
18
17
16
15
17
17
16
17
15
17
16
15
13
15
12
18
13
20
12
14
14
15
14
17
13
16
14
16
13
17
13
16
13
17
17
18
14
17
13
15
13
17
14
17
13
17
14
14
13
16
15
14
15
18
15
16
13
14
12
17
14
17
14
19
16
14
15
18
14
16
15
16
14
15
13
16
17
16
14
15
13
17
14
16
13
16
13
20
13
17
18
16
13
18
15
17
14
16
15
16
16
17
13
14
12
13
12
16
16
21
15
19
18
20
17
16
14
16
13
13
12
13
12
16
13
18
15
17
15
20
14
19
16
18
14
21
14
20
14
16
15
19