896x504, reduce 2, 1 marker
23
20
19
22
19
20
18
21
17
20
20
19
16
19
19
21
18
25
21
18
20
19
20
18
25
19
16
22
16
21
17
25
15
20
14
18
18
21
16
20
16
21
15
19
17
17
16
19
15
20
19
20
18
29
29
27
29
29
28
30
25
25
30
30
23
19
26
29
27
26
27
29
26
28
25
29
33
28
28
33
26
31
37
30
31
34
23
21
21
26
30
34
30
27
27
28
36
33
30
23
22
25
35
33
30
31
32
34
34
32
32
32
31
32
33
35
35
31
34
29
35
29
18
25
35
34
32
29
25
25
30
29
28
29
23
25
27
28
28
26
25
23
27
24
22
24
21
24
23
22
22
20
24
20
22
26
25
26
23
25
20
25
18
20
23
32
29
29
22
26
31
27
35
31
19
17
24
28
23
25
29
27
24
20
23
21
25
27
20
18
21
16
21
28
28
22
25
27
23
20
23
20
28
24
28
27
20
19
25
28
29
23
23
27
23
27
27
27
28
29
21
25
27
26
27
26
28
28
27
28
32
29
27
28
28
26
31
30
26
26
25
24
27
31
28
24
30
24
24
28
28
28
27
27
26
23
26
25
26
27
32
26
27
26
26
29
31
28
27
34
25
21
15
18
15
23
15
20
16
19
19
19
16
23
20
20
21
23
20
15
17
17
19
15
18
16
21
16
23
18
22
20
24
19
17
21
19
21
23
20
22
16
23
16
22
16
19
16
20
17
17
15
19
16
19
14
21
17
20
17
20
17
21
17
25
26
23
21
22
20
24
21
19
22
21
28
26
22
23
27
27
26
24
28
25
19
24
25
24
21
15
19
14
20
14
18
15
17
16
20
13
19
16
17
13
18
15
17
16
19
19
17
17
22
18
20
16
20
14
20
15
18
17
19
17
20
15
18
16
21
16
18
13
20
16
18
19
19
14
20
13
22
17
20
16
20
19
18
17
21
19
25
21
17
22
19
21
19
21
19
21
25
16
28
24
26
20
21
22
24
22
18
21
26
19
25
19
15
19
20
19
17
19
16
19
19
21
20
22
21
19
22
22
19
18
15
17
15
18
17
20
16
18
19
18
16
17
17
21
17
20
17
26
22
18
21
16
20
18
19
16
21
16
22
16
22
16
19
16
19
16
18
15
21
15
18
16
19
16
21
18
19
16
19
17
23
21
26
27
23
25
26
26
22
29
26
26
29
23
22
20
18
22
19
22
27
29
23
22
25
27
26
29
25
22
25
29
28
23
27
27
21
27
26
25
26
23
22
24
25
24
22
28
27
25
29
26
26
28
27
25
33
23
16
23
22
26
32
34
27
32
43
40
35
45
37
40
43
43
53
54
52
46
50
49
51
48
51
43
49
50
49
46
50
43
26
21
26
31
27
25
22
23
18
20
18
23
20
15
18
15
20
18
27
27
26
25
27
27
25
26
25
25
27
29
21
20
22
23
26
30
29
31
31
27
29
31
22
26
28
28
27
23
28
27
26
14
21
16
17
15
15
15
18
17
17
16
20
16
21
18
21
22
17
22
18
21
20
19
17
22
21
20
20
18
22
19
21
16
22
18
19
16
21
23
19
20
22
17
24
20
18
21
17
21
17
24
19
24
17
19
16
19
17
19
17
18
20
20
16
17
17
18
16
19
18
19
18
20
21
20
17
24
21
18
21
18
20
17